-1000.00000000000       0.332627423914268     
-875.000000000000       0.332892572590624     
-812.500000000000       0.333051105207958     
-750.000000000000       0.333232107755720     
-687.500000000000       0.333441070016123     
-625.000000000000       0.333685497600081     
-562.500000000000       0.333975954277185     
-500.000000000000       0.334327838059529     
-437.500000000000       0.334764583341996     
-406.250000000000       0.335025713387028     
-375.000000000000       0.335323854879698     
-343.750000000000       0.335668050225047     
-312.500000000000       0.336070662110324     
-281.250000000000       0.336549090293096     
-250.000000000000       0.337128696895330     
-218.750000000000       0.337848080393238     
-187.500000000000       0.338769276993346     
-171.875000000000       0.339336210196111     
-156.250000000000       0.339999358999013     
-140.625000000000       0.340787380204962     
-125.000000000000       0.341742043297089     
-109.375000000000       0.342926914849152     
-93.7500000000000       0.344444155363567     
-85.9375000000000       0.345377893449113     
-78.1250000000000       0.346470077758775     
-70.3125000000000       0.347767890838457     
-62.5000000000000       0.349340099108413     
-54.6875000000000       0.351291342424607     
-46.8750000000000       0.353789765279695     
-42.9687500000000       0.355327237215503     
-39.0625000000000       0.357125490777239     
-35.1562500000000       0.359262133484811     
-31.2500000000000       0.361850243627355     
-27.3437500000000       0.365061825229018     
-23.4375000000000       0.369173125476924     
-19.5312500000000       0.374660425614099     
-17.5781250000000       0.378173952267212     
-15.6250000000000       0.382428361595672     
-13.6718750000000       0.387705048462372     
-11.7187500000000       0.394455173136949     
-9.76562500000000       0.403454620997333     
-8.78906250000000       0.409210150523482     
-7.81250000000000       0.416171190538773     
-6.83593750000000       0.424790958859388     
-5.85937500000000       0.435792021038798     
-4.88281250000000       0.450406746002131     
-3.90625000000000       0.470936105954438     
-3.41796875000000       0.484755915884248     
-2.92968750000000       0.502262600379377     
-2.44140625000000       0.525258490300219     
-1.95312500000000       0.556969169959676     
-1.70898437500000       0.577867269891076     
-1.46484375000000       0.603753929891634     
-1.22070312500000       0.636651119609274     
-0.976562500000000       0.679724354818805     
-0.732421875000000       0.737930933491117     
-0.488281250000000       0.818117625918248     
-0.244140625000000       0.922130367809322     
-0.122070312500000       0.972764833186510     
0.000000000000000   1.00000000000000   