0.330000000000000       9.999999999999999E-021
0.665000000000000       5.093257513328239E-003
0.748750000000000       1.824198866249923E-002
0.832500000000000       5.574527091068917E-002
0.874375000000000       9.520444032563244E-002
0.916250000000000       0.164350485195245     
0.958125000000000       0.300549992378187     
0.979062500000000       0.436032813383553     
0.989531250000000       0.556097198647033     
0.994765625000000       0.656005795824946     
1.00000000000000        1.00000000000000 