31539600	5.16E+00	
31543200	5.16E+00	
31546800	5.15E+00	
31550400	5.14E+00	
31554000	5.14E+00	
31557600	5.13E+00	
31561200	5.12E+00	
31564800	5.12E+00	
31568400	5.12E+00	
31572000	5.12E+00	
31575600	5.13E+00	
31579200	5.14E+00	
31582800	5.15E+00	
31586400	5.16E+00	
31590000	5.16E+00	
31593600	5.16E+00	
31597200	5.16E+00	
31600800	5.15E+00	
31604400	5.15E+00	
31608000	5.14E+00	
31611600	5.14E+00	
31615200	5.13E+00	
31618800	5.13E+00	
32832000	4.52E+00	
32835600	4.51E+00	
32839200	4.50E+00	
32842800	4.50E+00	
32846400	4.49E+00	
32850000	4.48E+00	
32853600	4.48E+00	
32857200	4.47E+00	
32860800	4.47E+00	
32864400	4.46E+00	
32868000	4.47E+00	
32871600	4.48E+00	
32875200	4.49E+00	
32878800	4.50E+00	
32882400	4.52E+00	
32886000	4.52E+00	
32889600	4.52E+00	
32893200	4.52E+00	
32896800	4.52E+00	
32900400	4.51E+00	
32904000	4.51E+00	
32907600	4.50E+00	
32911200	4.50E+00	
32914800	4.49E+00	
34128000	4.06E+00	
34131600	4.06E+00	
34135200	4.05E+00	
34138800	4.04E+00	
34142400	4.03E+00	
34146000	4.03E+00	
34149600	4.02E+00	
34153200	4.02E+00	
34156800	4.01E+00	
34160400	4.01E+00	
34164000	4.02E+00	
34167600	4.03E+00	
34171200	4.04E+00	
34174800	4.06E+00	
34178400	4.07E+00	
34182000	4.08E+00	
34185600	4.09E+00	
34189200	4.08E+00	
34192800	4.08E+00	
34196400	4.07E+00	
34200000	4.07E+00	
34203600	4.06E+00	
34207200	4.06E+00	
34210800	4.05E+00	
35424000	3.86E+00	
35427600	3.85E+00	
35431200	3.85E+00	
35434800	3.84E+00	
35438400	3.83E+00	
35442000	3.82E+00	
35445600	3.82E+00	
35449200	3.81E+00	
35452800	3.80E+00	
35456400	3.81E+00	
35460000	3.81E+00	
35463600	3.83E+00	
35467200	3.85E+00	
35470800	3.86E+00	
35474400	3.88E+00	
35478000	3.89E+00	
35481600	3.90E+00	
35485200	3.90E+00	
35488800	3.90E+00	
35492400	3.89E+00	
35496000	3.88E+00	
35499600	3.88E+00	
35503200	3.87E+00	
35506800	3.86E+00	
36720000	3.91E+00	
36723600	3.90E+00	
36727200	3.89E+00	
36730800	3.88E+00	
36734400	3.88E+00	
36738000	3.87E+00	
36741600	3.86E+00	
36745200	3.85E+00	
36748800	3.85E+00	
36752400	3.85E+00	
36756000	3.87E+00	
36759600	3.88E+00	
36763200	3.90E+00	
36766800	3.92E+00	
36770400	3.94E+00	
36774000	3.96E+00	
36777600	3.97E+00	
36781200	3.97E+00	
36784800	3.96E+00	
36788400	3.96E+00	
36792000	3.95E+00	
36795600	3.94E+00	
36799200	3.94E+00	
36802800	3.93E+00	
38016000	4.20E+00	
38019600	4.19E+00	
38023200	4.18E+00	
38026800	4.17E+00	
38030400	4.16E+00	
38034000	4.15E+00	
38037600	4.14E+00	
38041200	4.13E+00	
38044800	4.13E+00	
38048400	4.14E+00	
38052000	4.15E+00	
38055600	4.17E+00	
38059200	4.20E+00	
38062800	4.22E+00	
38066400	4.24E+00	
38070000	4.26E+00	
38073600	4.27E+00	
38077200	4.28E+00	
38080800	4.27E+00	
38084400	4.27E+00	
38088000	4.26E+00	
38091600	4.25E+00	
38095200	4.24E+00	
38098800	4.23E+00	
39312000	4.67E+00	
39315600	4.65E+00	
39319200	4.64E+00	
39322800	4.63E+00	
39326400	4.62E+00	
39330000	4.61E+00	
39333600	4.60E+00	
39337200	4.60E+00	
39340800	4.60E+00	
39344400	4.61E+00	
39348000	4.62E+00	
39351600	4.64E+00	
39355200	4.67E+00	
39358800	4.69E+00	
39362400	4.72E+00	
39366000	4.74E+00	
39369600	4.75E+00	
39373200	4.75E+00	
39376800	4.75E+00	
39380400	4.74E+00	
39384000	4.74E+00	
39387600	4.73E+00	
39391200	4.72E+00	
39394800	4.71E+00	
40608000	5.36E+00	
40611600	5.35E+00	
40615200	5.34E+00	
40618800	5.32E+00	
40622400	5.31E+00	
40626000	5.30E+00	
40629600	5.29E+00	
40633200	5.28E+00	
40636800	5.29E+00	
40640400	5.30E+00	
40644000	5.32E+00	
40647600	5.34E+00	
40651200	5.37E+00	
40654800	5.39E+00	
40658400	5.42E+00	
40662000	5.44E+00	
40665600	5.45E+00	
40669200	5.46E+00	
40672800	5.46E+00	
40676400	5.45E+00	
40680000	5.44E+00	
40683600	5.43E+00	
40687200	5.42E+00	
40690800	5.41E+00	
41904000	6.11E+00	
41907600	6.10E+00	
41911200	6.08E+00	
41914800	6.07E+00	
41918400	6.06E+00	
41922000	6.04E+00	
41925600	6.03E+00	
41929200	6.03E+00	
41932800	6.04E+00	
41936400	6.05E+00	
41940000	6.07E+00	
41943600	6.09E+00	
41947200	6.12E+00	
41950800	6.15E+00	
41954400	6.17E+00	
41958000	6.19E+00	
41961600	6.21E+00	
41965200	6.21E+00	
41968800	6.21E+00	
41972400	6.21E+00	
41976000	6.20E+00	
41979600	6.19E+00	
41983200	6.18E+00	
41986800	6.16E+00	
43200000	6.96E+00	
43203600	6.94E+00	
43207200	6.93E+00	
43210800	6.91E+00	
43214400	6.90E+00	
43218000	6.89E+00	
43221600	6.88E+00	
43225200	6.87E+00	
43228800	6.88E+00	
43232400	6.90E+00	
43236000	6.92E+00	
43239600	6.94E+00	
43243200	6.97E+00	
43246800	7.00E+00	
43250400	7.03E+00	
43254000	7.05E+00	
43257600	7.07E+00	
43261200	7.08E+00	
43264800	7.08E+00	
43268400	7.07E+00	
43272000	7.06E+00	
43275600	7.05E+00	
43279200	7.04E+00	
43282800	7.02E+00	
44496000	7.78E+00	
44499600	7.77E+00	
44503200	7.75E+00	
44506800	7.74E+00	
44510400	7.72E+00	
44514000	7.71E+00	
44517600	7.70E+00	
44521200	7.70E+00	
44524800	7.71E+00	
44528400	7.72E+00	
44532000	7.74E+00	
44535600	7.76E+00	
44539200	7.79E+00	
44542800	7.82E+00	
44546400	7.85E+00	
44550000	7.87E+00	
44553600	7.89E+00	
44557200	7.90E+00	
44560800	7.90E+00	
44564400	7.89E+00	
44568000	7.88E+00	
44571600	7.87E+00	
44575200	7.86E+00	
44578800	7.85E+00	
45792000	8.58E+00	
45795600	8.57E+00	
45799200	8.55E+00	
45802800	8.54E+00	
45806400	8.52E+00	
45810000	8.51E+00	
45813600	8.50E+00	
45817200	8.49E+00	
45820800	8.50E+00	
45824400	8.52E+00	
45828000	8.54E+00	
45831600	8.56E+00	
45835200	8.59E+00	
45838800	8.62E+00	
45842400	8.65E+00	
45846000	8.67E+00	
45849600	8.69E+00	
45853200	8.70E+00	
45856800	8.70E+00	
45860400	8.70E+00	
45864000	8.69E+00	
45867600	8.67E+00	
45871200	8.66E+00	
45874800	8.65E+00	
47088000	9.34E+00	
47091600	9.33E+00	
47095200	9.31E+00	
47098800	9.29E+00	
47102400	9.28E+00	
47106000	9.26E+00	
47109600	9.25E+00	
47113200	9.25E+00	
47116800	9.26E+00	
47120400	9.27E+00	
47124000	9.29E+00	
47127600	9.32E+00	
47131200	9.34E+00	
47134800	9.37E+00	
47138400	9.40E+00	
47142000	9.42E+00	
47145600	9.44E+00	
47149200	9.45E+00	
47152800	9.45E+00	
47156400	9.45E+00	
47160000	9.43E+00	
47163600	9.42E+00	
47167200	9.41E+00	
47170800	9.39E+00	
48384000	9.97E+00	
48387600	9.95E+00	
48391200	9.93E+00	
48394800	9.92E+00	
48398400	9.90E+00	
48402000	9.89E+00	
48405600	9.88E+00	
48409200	9.87E+00	
48412800	9.88E+00	
48416400	9.89E+00	
48420000	9.91E+00	
48423600	9.94E+00	
48427200	9.97E+00	
48430800	1.00E+01	
48434400	1.00E+01	
48438000	1.00E+01	
48441600	1.01E+01	
48445200	1.01E+01	
48448800	1.01E+01	
48452400	1.01E+01	
48456000	1.01E+01	
48459600	1.01E+01	
48463200	1.00E+01	
48466800	1.00E+01	
49680000	1.04E+01	
49683600	1.04E+01	
49687200	1.04E+01	
49690800	1.04E+01	
49694400	1.04E+01	
49698000	1.03E+01	
49701600	1.03E+01	
49705200	1.03E+01	
49708800	1.03E+01	
49712400	1.03E+01	
49716000	1.04E+01	
49719600	1.04E+01	
49723200	1.04E+01	
49726800	1.04E+01	
49730400	1.05E+01	
49734000	1.05E+01	
49737600	1.05E+01	
49741200	1.05E+01	
49744800	1.05E+01	
49748400	1.05E+01	
49752000	1.05E+01	
49755600	1.05E+01	
49759200	1.04E+01	
49762800	1.04E+01	
50976000	1.07E+01	
50979600	1.07E+01	
50983200	1.07E+01	
50986800	1.07E+01	
50990400	1.06E+01	
50994000	1.06E+01	
50997600	1.06E+01	
51001200	1.06E+01	
51004800	1.06E+01	
51008400	1.06E+01	
51012000	1.06E+01	
51015600	1.07E+01	
51019200	1.07E+01	
51022800	1.07E+01	
51026400	1.07E+01	
51030000	1.08E+01	
51033600	1.08E+01	
51037200	1.08E+01	
51040800	1.08E+01	
51044400	1.08E+01	
51048000	1.08E+01	
51051600	1.07E+01	
51055200	1.07E+01	
51058800	1.07E+01	
52272000	1.07E+01	
52275600	1.07E+01	
52279200	1.07E+01	
52282800	1.06E+01	
52286400	1.06E+01	
52290000	1.06E+01	
52293600	1.06E+01	
52297200	1.06E+01	
52300800	1.06E+01	
52304400	1.06E+01	
52308000	1.06E+01	
52311600	1.06E+01	
52315200	1.07E+01	
52318800	1.07E+01	
52322400	1.07E+01	
52326000	1.07E+01	
52329600	1.08E+01	
52333200	1.08E+01	
52336800	1.08E+01	
52340400	1.08E+01	
52344000	1.07E+01	
52347600	1.07E+01	
52351200	1.07E+01	
52354800	1.07E+01	
53568000	1.06E+01	
53571600	1.06E+01	
53575200	1.06E+01	
53578800	1.06E+01	
53582400	1.06E+01	
53586000	1.05E+01	
53589600	1.05E+01	
53593200	1.05E+01	
53596800	1.05E+01	
53600400	1.05E+01	
53604000	1.05E+01	
53607600	1.06E+01	
53611200	1.06E+01	
53614800	1.06E+01	
53618400	1.06E+01	
53622000	1.06E+01	
53625600	1.06E+01	
53629200	1.06E+01	
53632800	1.06E+01	
53636400	1.06E+01	
53640000	1.06E+01	
53643600	1.06E+01	
53647200	1.06E+01	
53650800	1.06E+01	
54864000	1.00E+01	
54867600	1.00E+01	
54871200	1.00E+01	
54874800	1.00E+01	
54878400	9.99E+00	
54882000	9.98E+00	
54885600	9.97E+00	
54889200	9.96E+00	
54892800	9.96E+00	
54896400	9.96E+00	
54900000	9.98E+00	
54903600	1.00E+01	
54907200	1.00E+01	
54910800	1.00E+01	
54914400	1.01E+01	
54918000	1.01E+01	
54921600	1.01E+01	
54925200	1.01E+01	
54928800	1.01E+01	
54932400	1.01E+01	
54936000	1.01E+01	
54939600	1.00E+01	
54943200	1.00E+01	
54946800	1.00E+01	
56160000	9.55E+00	
56163600	9.54E+00	
56167200	9.53E+00	
56170800	9.52E+00	
56174400	9.51E+00	
56178000	9.50E+00	
56181600	9.49E+00	
56185200	9.48E+00	
56188800	9.48E+00	
56192400	9.48E+00	
56196000	9.49E+00	
56199600	9.51E+00	
56203200	9.53E+00	
56206800	9.54E+00	
56210400	9.56E+00	
56214000	9.57E+00	
56217600	9.57E+00	
56221200	9.57E+00	
56224800	9.57E+00	
56228400	9.56E+00	
56232000	9.55E+00	
56235600	9.54E+00	
56239200	9.53E+00	
56242800	9.52E+00	
57456000	8.90E+00	
57459600	8.89E+00	
57463200	8.88E+00	
57466800	8.87E+00	
57470400	8.86E+00	
57474000	8.85E+00	
57477600	8.84E+00	
57481200	8.84E+00	
57484800	8.83E+00	
57488400	8.84E+00	
57492000	8.84E+00	
57495600	8.86E+00	
57499200	8.87E+00	
57502800	8.89E+00	
57506400	8.90E+00	
57510000	8.91E+00	
57513600	8.91E+00	
57517200	8.91E+00	
57520800	8.90E+00	
57524400	8.90E+00	
57528000	8.89E+00	
57531600	8.88E+00	
57535200	8.87E+00	
57538800	8.86E+00	
58752000	8.07E+00	
58755600	8.06E+00	
58759200	8.06E+00	
58762800	8.05E+00	
58766400	8.04E+00	
58770000	8.03E+00	
58773600	8.02E+00	
58777200	8.01E+00	
58780800	8.01E+00	
58784400	8.01E+00	
58788000	8.02E+00	
58791600	8.03E+00	
58795200	8.04E+00	
58798800	8.05E+00	
58802400	8.06E+00	
58806000	8.07E+00	
58809600	8.07E+00	
58813200	8.06E+00	
58816800	8.06E+00	
58820400	8.05E+00	
58824000	8.04E+00	
58827600	8.04E+00	
58831200	8.03E+00	
58834800	8.02E+00	
60048000	7.18E+00	
60051600	7.17E+00	
60055200	7.16E+00	
60058800	7.15E+00	
60062400	7.14E+00	
60066000	7.14E+00	
60069600	7.13E+00	
60073200	7.12E+00	
60076800	7.12E+00	
60080400	7.12E+00	
60084000	7.12E+00	
60087600	7.13E+00	
60091200	7.14E+00	
60094800	7.15E+00	
60098400	7.16E+00	
60102000	7.16E+00	
60105600	7.16E+00	
60109200	7.16E+00	
60112800	7.15E+00	
60116400	7.15E+00	
60120000	7.14E+00	
60123600	7.14E+00	
60127200	7.13E+00	
60130800	7.12E+00	
61344000	6.27E+00	
61347600	6.26E+00	
61351200	6.26E+00	
61354800	6.25E+00	
61358400	6.24E+00	
61362000	6.24E+00	
61365600	6.23E+00	
61369200	6.22E+00	
61372800	6.22E+00	
61376400	6.22E+00	
61380000	6.22E+00	
61383600	6.23E+00	
61387200	6.24E+00	
61390800	6.25E+00	
61394400	6.26E+00	
61398000	6.26E+00	
61401600	6.26E+00	
61405200	6.26E+00	
61408800	6.25E+00	
61412400	6.25E+00	
61416000	6.24E+00	
61419600	6.23E+00	
61423200	6.23E+00	
61426800	6.22E+00	
62640000	5.43E+00	
62643600	5.42E+00	
62647200	5.41E+00	
62650800	5.41E+00	
62654400	5.40E+00	
62658000	5.39E+00	
62661600	5.39E+00	
62665200	5.38E+00	
62668800	5.38E+00	
62672400	5.37E+00	
62676000	5.38E+00	
62679600	5.38E+00	
62683200	5.39E+00	
62686800	5.40E+00	
62690400	5.41E+00	
62694000	5.41E+00	
62697600	5.41E+00	
62701200	5.41E+00	
62704800	5.40E+00	
62708400	5.40E+00	
62712000	5.39E+00	
62715600	5.39E+00	
62719200	5.38E+00	
62722800	5.38E+00	
		
Total	:	4.37E+03
Min	:	3.80E+00
Max	:	1.08E+01
Mean	:	7.29E+00
Standard	Deviation:	2.41E+00
