31539600	2.98E+00	
31543200	2.85E+00	
31546800	2.72E+00	
31550400	2.61E+00	
31554000	2.50E+00	
31557600	2.42E+00	
31561200	2.35E+00	
31564800	2.31E+00	
31568400	2.40E+00	
31572000	2.66E+00	
31575600	3.05E+00	
31579200	3.49E+00	
31582800	3.93E+00	
31586400	4.29E+00	
31590000	4.52E+00	
31593600	4.55E+00	
31597200	4.43E+00	
31600800	4.26E+00	
31604400	4.04E+00	
31608000	3.81E+00	
31611600	3.57E+00	
31615200	3.36E+00	
31618800	3.18E+00	
32832000	2.22E+00	
32835600	2.07E+00	
32839200	1.94E+00	
32842800	1.81E+00	
32846400	1.69E+00	
32850000	1.59E+00	
32853600	1.50E+00	
32857200	1.43E+00	
32860800	1.39E+00	
32864400	1.51E+00	
32868000	1.81E+00	
32871600	2.25E+00	
32875200	2.75E+00	
32878800	3.25E+00	
32882400	3.67E+00	
32886000	3.94E+00	
32889600	4.00E+00	
32893200	3.85E+00	
32896800	3.63E+00	
32900400	3.38E+00	
32904000	3.10E+00	
32907600	2.81E+00	
32911200	2.56E+00	
32914800	2.35E+00	
34128000	1.80E+00	
34131600	1.64E+00	
34135200	1.49E+00	
34138800	1.34E+00	
34142400	1.21E+00	
34146000	1.09E+00	
34149600	9.96E-01	
34153200	9.19E-01	
34156800	8.84E-01	
34160400	1.04E+00	
34164000	1.39E+00	
34167600	1.89E+00	
34171200	2.45E+00	
34174800	3.01E+00	
34178400	3.50E+00	
34182000	3.82E+00	
34185600	3.93E+00	
34189200	3.79E+00	
34192800	3.53E+00	
34196400	3.23E+00	
34200000	2.91E+00	
34203600	2.58E+00	
34207200	2.28E+00	
34210800	2.02E+00	
35424000	2.01E+00	
35427600	1.79E+00	
35431200	1.60E+00	
35434800	1.43E+00	
35438400	1.26E+00	
35442000	1.11E+00	
35445600	9.87E-01	
35449200	8.87E-01	
35452800	8.70E-01	
35456400	1.08E+00	
35460000	1.51E+00	
35463600	2.08E+00	
35467200	2.72E+00	
35470800	3.37E+00	
35474400	3.94E+00	
35478000	4.35E+00	
35481600	4.52E+00	
35485200	4.42E+00	
35488800	4.10E+00	
35492400	3.75E+00	
35496000	3.37E+00	
35499600	2.99E+00	
35503200	2.62E+00	
35506800	2.30E+00	
36720000	2.70E+00	
36723600	2.43E+00	
36727200	2.19E+00	
36730800	1.98E+00	
36734400	1.77E+00	
36738000	1.58E+00	
36741600	1.42E+00	
36745200	1.29E+00	
36748800	1.34E+00	
36752400	1.64E+00	
36756000	2.15E+00	
36759600	2.82E+00	
36763200	3.56E+00	
36766800	4.29E+00	
36770400	4.94E+00	
36774000	5.41E+00	
36777600	5.61E+00	
36781200	5.51E+00	
36784800	5.17E+00	
36788400	4.76E+00	
36792000	4.32E+00	
36795600	3.88E+00	
36799200	3.46E+00	
36802800	3.08E+00	
38016000	3.94E+00	
38019600	3.60E+00	
38023200	3.30E+00	
38026800	3.02E+00	
38030400	2.76E+00	
38034000	2.52E+00	
38037600	2.31E+00	
38041200	2.18E+00	
38044800	2.31E+00	
38048400	2.71E+00	
38052000	3.32E+00	
38055600	4.08E+00	
38059200	4.93E+00	
38062800	5.77E+00	
38066400	6.51E+00	
38070000	7.06E+00	
38073600	7.32E+00	
38077200	7.26E+00	
38080800	6.91E+00	
38084400	6.43E+00	
38088000	5.92E+00	
38091600	5.40E+00	
38095200	4.90E+00	
38098800	4.44E+00	
39312000	5.48E+00	
39315600	5.08E+00	
39319200	4.72E+00	
39322800	4.39E+00	
39326400	4.07E+00	
39330000	3.78E+00	
39333600	3.52E+00	
39337200	3.42E+00	
39340800	3.59E+00	
39344400	4.03E+00	
39348000	4.68E+00	
39351600	5.49E+00	
39355200	6.40E+00	
39358800	7.30E+00	
39362400	8.09E+00	
39366000	8.68E+00	
39369600	8.98E+00	
39373200	8.97E+00	
39376800	8.66E+00	
39380400	8.16E+00	
39384000	7.63E+00	
39387600	7.09E+00	
39391200	6.55E+00	
39394800	6.04E+00	
40608000	7.52E+00	
40611600	7.02E+00	
40615200	6.58E+00	
40618800	6.17E+00	
40622400	5.79E+00	
40626000	5.43E+00	
40629600	5.14E+00	
40633200	5.08E+00	
40636800	5.32E+00	
40640400	5.82E+00	
40644000	6.55E+00	
40647600	7.44E+00	
40651200	8.42E+00	
40654800	9.40E+00	
40658400	1.03E+01	
40662000	1.09E+01	
40665600	1.12E+01	
40669200	1.13E+01	
40672800	1.10E+01	
40676400	1.05E+01	
40680000	9.87E+00	
40683600	9.27E+00	
40687200	8.67E+00	
40690800	8.09E+00	
41904000	9.49E+00	
41907600	8.95E+00	
41911200	8.45E+00	
41914800	7.98E+00	
41918400	7.55E+00	
41922000	7.14E+00	
41925600	6.87E+00	
41929200	6.87E+00	
41932800	7.15E+00	
41936400	7.70E+00	
41940000	8.47E+00	
41943600	9.40E+00	
41947200	1.04E+01	
41950800	1.14E+01	
41954400	1.22E+01	
41958000	1.29E+01	
41961600	1.32E+01	
41965200	1.32E+01	
41968800	1.30E+01	
41972400	1.25E+01	
41976000	1.19E+01	
41979600	1.13E+01	
41983200	1.07E+01	
41986800	1.01E+01	
43200000	1.16E+01	
43203600	1.10E+01	
43207200	1.04E+01	
43210800	9.92E+00	
43214400	9.43E+00	
43218000	8.98E+00	
43221600	8.73E+00	
43225200	8.76E+00	
43228800	9.08E+00	
43232400	9.66E+00	
43236000	1.05E+01	
43239600	1.15E+01	
43243200	1.25E+01	
43246800	1.36E+01	
43250400	1.45E+01	
43254000	1.52E+01	
43257600	1.56E+01	
43261200	1.57E+01	
43264800	1.55E+01	
43268400	1.50E+01	
43272000	1.44E+01	
43275600	1.37E+01	
43279200	1.30E+01	
43282800	1.24E+01	
44496000	1.36E+01	
44499600	1.29E+01	
44503200	1.23E+01	
44506800	1.17E+01	
44510400	1.12E+01	
44514000	1.07E+01	
44517600	1.05E+01	
44521200	1.05E+01	
44524800	1.08E+01	
44528400	1.13E+01	
44532000	1.21E+01	
44535600	1.31E+01	
44539200	1.42E+01	
44542800	1.52E+01	
44546400	1.61E+01	
44550000	1.69E+01	
44553600	1.73E+01	
44557200	1.75E+01	
44560800	1.74E+01	
44564400	1.70E+01	
44568000	1.64E+01	
44571600	1.57E+01	
44575200	1.50E+01	
44578800	1.43E+01	
45792000	1.52E+01	
45795600	1.46E+01	
45799200	1.40E+01	
45802800	1.34E+01	
45806400	1.28E+01	
45810000	1.23E+01	
45813600	1.20E+01	
45817200	1.20E+01	
45820800	1.23E+01	
45824400	1.29E+01	
45828000	1.37E+01	
45831600	1.47E+01	
45835200	1.57E+01	
45838800	1.68E+01	
45842400	1.78E+01	
45846000	1.86E+01	
45849600	1.91E+01	
45853200	1.94E+01	
45856800	1.93E+01	
45860400	1.89E+01	
45864000	1.82E+01	
45867600	1.76E+01	
45871200	1.69E+01	
45874800	1.61E+01	
47088000	1.68E+01	
47091600	1.61E+01	
47095200	1.54E+01	
47098800	1.48E+01	
47102400	1.42E+01	
47106000	1.37E+01	
47109600	1.34E+01	
47113200	1.34E+01	
47116800	1.37E+01	
47120400	1.42E+01	
47124000	1.51E+01	
47127600	1.61E+01	
47131200	1.72E+01	
47134800	1.83E+01	
47138400	1.93E+01	
47142000	2.00E+01	
47145600	2.05E+01	
47149200	2.07E+01	
47152800	2.06E+01	
47156400	2.02E+01	
47160000	1.96E+01	
47163600	1.89E+01	
47167200	1.82E+01	
47170800	1.75E+01	
48384000	1.77E+01	
48387600	1.70E+01	
48391200	1.64E+01	
48394800	1.57E+01	
48398400	1.51E+01	
48402000	1.46E+01	
48405600	1.43E+01	
48409200	1.43E+01	
48412800	1.46E+01	
48416400	1.51E+01	
48420000	1.59E+01	
48423600	1.70E+01	
48427200	1.81E+01	
48430800	1.92E+01	
48434400	2.02E+01	
48438000	2.11E+01	
48441600	2.16E+01	
48445200	2.18E+01	
48448800	2.18E+01	
48452400	2.14E+01	
48456000	2.07E+01	
48459600	2.00E+01	
48463200	1.93E+01	
48466800	1.86E+01	
49680000	1.81E+01	
49683600	1.74E+01	
49687200	1.68E+01	
49690800	1.62E+01	
49694400	1.56E+01	
49698000	1.51E+01	
49701600	1.47E+01	
49705200	1.46E+01	
49708800	1.48E+01	
49712400	1.53E+01	
49716000	1.60E+01	
49719600	1.69E+01	
49723200	1.80E+01	
49726800	1.90E+01	
49730400	2.00E+01	
49734000	2.07E+01	
49737600	2.12E+01	
49741200	2.14E+01	
49744800	2.13E+01	
49748400	2.09E+01	
49752000	2.04E+01	
49755600	1.98E+01	
49759200	1.92E+01	
49762800	1.86E+01	
50976000	1.81E+01	
50979600	1.75E+01	
50983200	1.69E+01	
50986800	1.63E+01	
50990400	1.57E+01	
50994000	1.52E+01	
50997600	1.49E+01	
51001200	1.47E+01	
51004800	1.49E+01	
51008400	1.54E+01	
51012000	1.62E+01	
51015600	1.71E+01	
51019200	1.82E+01	
51022800	1.92E+01	
51026400	2.02E+01	
51030000	2.10E+01	
51033600	2.14E+01	
51037200	2.16E+01	
51040800	2.15E+01	
51044400	2.11E+01	
51048000	2.05E+01	
51051600	1.99E+01	
51055200	1.93E+01	
51058800	1.86E+01	
52272000	1.72E+01	
52275600	1.67E+01	
52279200	1.62E+01	
52282800	1.57E+01	
52286400	1.52E+01	
52290000	1.47E+01	
52293600	1.44E+01	
52297200	1.42E+01	
52300800	1.44E+01	
52304400	1.49E+01	
52308000	1.56E+01	
52311600	1.66E+01	
52315200	1.76E+01	
52318800	1.86E+01	
52322400	1.96E+01	
52326000	2.03E+01	
52329600	2.07E+01	
52333200	2.08E+01	
52336800	2.06E+01	
52340400	2.02E+01	
52344000	1.97E+01	
52347600	1.91E+01	
52351200	1.85E+01	
52354800	1.79E+01	
53568000	1.63E+01	
53571600	1.58E+01	
53575200	1.54E+01	
53578800	1.49E+01	
53582400	1.45E+01	
53586000	1.40E+01	
53589600	1.37E+01	
53593200	1.35E+01	
53596800	1.36E+01	
53600400	1.41E+01	
53604000	1.47E+01	
53607600	1.56E+01	
53611200	1.65E+01	
53614800	1.74E+01	
53618400	1.82E+01	
53622000	1.87E+01	
53625600	1.90E+01	
53629200	1.90E+01	
53632800	1.88E+01	
53636400	1.84E+01	
53640000	1.80E+01	
53643600	1.75E+01	
53647200	1.70E+01	
53650800	1.66E+01	
54864000	1.47E+01	
54867600	1.43E+01	
54871200	1.39E+01	
54874800	1.35E+01	
54878400	1.31E+01	
54882000	1.28E+01	
54885600	1.25E+01	
54889200	1.23E+01	
54892800	1.24E+01	
54896400	1.28E+01	
54900000	1.34E+01	
54903600	1.41E+01	
54907200	1.50E+01	
54910800	1.59E+01	
54914400	1.66E+01	
54918000	1.72E+01	
54921600	1.74E+01	
54925200	1.74E+01	
54928800	1.71E+01	
54932400	1.68E+01	
54936000	1.64E+01	
54939600	1.59E+01	
54943200	1.55E+01	
54946800	1.50E+01	
56160000	1.29E+01	
56163600	1.26E+01	
56167200	1.22E+01	
56170800	1.19E+01	
56174400	1.16E+01	
56178000	1.13E+01	
56181600	1.10E+01	
56185200	1.08E+01	
56188800	1.09E+01	
56192400	1.12E+01	
56196000	1.17E+01	
56199600	1.24E+01	
56203200	1.32E+01	
56206800	1.39E+01	
56210400	1.46E+01	
56214000	1.50E+01	
56217600	1.52E+01	
56221200	1.52E+01	
56224800	1.49E+01	
56228400	1.46E+01	
56232000	1.42E+01	
56235600	1.39E+01	
56239200	1.35E+01	
56242800	1.31E+01	
57456000	1.10E+01	
57459600	1.07E+01	
57463200	1.04E+01	
57466800	1.02E+01	
57470400	9.88E+00	
57474000	9.62E+00	
57477600	9.40E+00	
57481200	9.22E+00	
57484800	9.25E+00	
57488400	9.53E+00	
57492000	1.00E+01	
57495600	1.06E+01	
57499200	1.13E+01	
57502800	1.20E+01	
57506400	1.25E+01	
57510000	1.29E+01	
57513600	1.30E+01	
57517200	1.29E+01	
57520800	1.26E+01	
57524400	1.24E+01	
57528000	1.20E+01	
57531600	1.17E+01	
57535200	1.14E+01	
57538800	1.11E+01	
58752000	8.87E+00	
58755600	8.65E+00	
58759200	8.43E+00	
58762800	8.20E+00	
58766400	7.98E+00	
58770000	7.78E+00	
58773600	7.60E+00	
58777200	7.46E+00	
58780800	7.44E+00	
58784400	7.65E+00	
58788000	8.05E+00	
58791600	8.57E+00	
58795200	9.15E+00	
58798800	9.70E+00	
58802400	1.02E+01	
58806000	1.05E+01	
58809600	1.05E+01	
58813200	1.04E+01	
58816800	1.02E+01	
58820400	9.96E+00	
58824000	9.69E+00	
58827600	9.42E+00	
58831200	9.17E+00	
58834800	8.93E+00	
60048000	6.84E+00	
60051600	6.67E+00	
60055200	6.49E+00	
60058800	6.31E+00	
60062400	6.13E+00	
60066000	5.97E+00	
60069600	5.84E+00	
60073200	5.73E+00	
60076800	5.68E+00	
60080400	5.83E+00	
60084000	6.16E+00	
60087600	6.61E+00	
60091200	7.12E+00	
60094800	7.61E+00	
60098400	8.00E+00	
60102000	8.24E+00	
60105600	8.27E+00	
60109200	8.15E+00	
60112800	7.98E+00	
60116400	7.77E+00	
60120000	7.54E+00	
60123600	7.30E+00	
60127200	7.08E+00	
60130800	6.89E+00	
61344000	5.03E+00	
61347600	4.88E+00	
61351200	4.73E+00	
61354800	4.58E+00	
61358400	4.44E+00	
61362000	4.31E+00	
61365600	4.20E+00	
61369200	4.12E+00	
61372800	4.07E+00	
61376400	4.19E+00	
61380000	4.49E+00	
61383600	4.91E+00	
61387200	5.38E+00	
61390800	5.84E+00	
61394400	6.21E+00	
61398000	6.42E+00	
61401600	6.43E+00	
61405200	6.31E+00	
61408800	6.15E+00	
61412400	5.93E+00	
61416000	5.70E+00	
61419600	5.47E+00	
61423200	5.26E+00	
61426800	5.08E+00	
62640000	3.54E+00	
62643600	3.40E+00	
62647200	3.27E+00	
62650800	3.14E+00	
62654400	3.02E+00	
62658000	2.91E+00	
62661600	2.82E+00	
62665200	2.75E+00	
62668800	2.70E+00	
62672400	2.78E+00	
62676000	3.02E+00	
62679600	3.37E+00	
62683200	3.80E+00	
62686800	4.22E+00	
62690400	4.58E+00	
62694000	4.79E+00	
62697600	4.82E+00	
62701200	4.72E+00	
62704800	4.57E+00	
62708400	4.37E+00	
62712000	4.15E+00	
62715600	3.93E+00	
62719200	3.73E+00	
62722800	3.56E+00	
		
Total	:	6.05E+03
Min	:	8.70E-01
Max	:	2.18E+01
Mean	:	1.01E+01
Standard	Deviation:	5.98E+00
